%YAML:1.0
---
E: !!opencv-matrix
   rows: 3
   cols: 3
   dt: d
   data: [ 6.1237103638227524e-04, 7.2605137011462900e-02,
       2.9271225357005333e-02, -8.5645706563278814e-02,
       1.2332083053263358e-02, -7.0123339447534350e-01,
       -2.6926383512839092e-02, 7.0268683011112398e-01,
       1.2726439175647556e-02 ]
F: !!opencv-matrix
   rows: 3
   cols: 3
   dt: d
   data: [ -5.2593315390015187e-10, -1.7638910218840996e-07,
       1.4401185870210886e-04, 1.0323019537645498e-07,
       3.9019193955697559e-08, -1.7356579721044263e-02,
       -3.8644738776696941e-05, 1.7411379640730473e-02, 1. ]
K: !!opencv-matrix
   rows: 3
   cols: 3
   dt: d
   data: [ 3.3827586295711199e+03, 0., 772., 0., 3.3827586295711199e+03,
       1047., 0., 0., 1. ]
R: !!opencv-matrix
   rows: 3
   cols: 3
   dt: d
   data: [ 9.9983927270168094e-01, -1.2217496985312889e-03,
       -1.7886757421285569e-02, 1.5329742686210942e-03,
       9.9984749666763451e-01, 1.7396361612598985e-02,
       1.7862775631617801e-02, -1.7420985481272019e-02,
       9.9968866679161461e-01 ]
r: !!opencv-matrix
   rows: 3
   cols: 1
   dt: d
   data: [ -1.7410485911319967e-02, -1.7876627414367460e-02,
       1.3775053765691624e-03 ]
t: !!opencv-matrix
   rows: 3
   cols: 1
   dt: d
   data: [ 9.9385241806553948e-01, 3.9609573272917357e-02,
       -1.0338497381349758e-01 ]
points3D: !!opencv-matrix
   rows: 4
   cols: 712
   dt: d
   data: [ 3.1095952937583489e+00, -2.3715375182047036e+00,
       -2.2393533638380605e+00, 3.1587039293579102e+00,
       3.7634520061764070e+00, 5.0226782134250465e+00,
       -2.2408569514816872e+00, 2.0598749535341550e+00,
       -2.2592616858841112e+00, 8.1574693734736492e+00,
       8.1574693734736492e+00, 3.7071870673014327e+00,
       4.1102883524773253e+00, 2.0598749535341550e+00,
       3.8791923700435245e+00, -2.2912836259205562e+00,
       3.1334522989540963e+00, -3.5525874450705985e+00,
       3.8062692497562134e+00, 5.2888279130094817e+00,
       3.0423351123554889e+00, -2.1869561753274085e+00,
       3.5511624134833726e+00, 5.2792545433999205e+00,
       1.8826742232897058e+00, 3.7634520061764070e+00,
       1.8826742232897058e+00, 2.9904166537419004e+00,
       2.9894541825797627e+00, 2.8434288175997677e+00,
       3.0136077025092822e+00, 4.8979887210701660e+00,
       -6.3282172260214269e+00, 3.9834028616434503e+00,
       3.3306034041547035e+00, -1.4854128688423476e+00,
       1.3367826143222841e+00, 5.4580351939043465e+00,
       8.2515311617629850e-01, 3.1587039293579102e+00,
       -1.4864738096372252e+01, 7.5894123337881734e+00,
       5.4580351939043465e+00, 4.0441674810637418e-01,
       2.4156751176401356e+00, 1.2772573317073442e+02,
       3.8113112058061263e+00, 4.8407866286989198e-01,
       7.3898656425622455e+00, 4.4168736487568276e+00,
       1.2916361510860003e+01, -1.4850740799619260e+01,
       5.9075581103214976e+00, -2.5553298883539993e-01,
       2.8582359782732474e+00, 2.4577044325069988e+00,
       2.8539794102974176e+00, 6.0718447564466604e+00,
       -4.7620243959821913e+00, -4.5289169004094271e-01,
       3.9719287796287164e+00, -3.7697464122573274e+00,
       5.2640787697323752e+00, 3.9638484475324995e+00,
       2.7598142275483104e+00, -1.8135129062525996e+00,
       6.8132688828073631e+00, 2.8604430105393743e+00,
       1.0834449638339541e+01, -5.0584759235831731e+00,
       -2.3764894930893057e+00, -3.3126087574012750e+00,
       6.0360343565501866e+00, -3.7697464122573274e+00,
       3.0055723025397203e+00, 1.3343738819706066e+00,
       6.0767338594799636e+00, -3.7752929018886094e+00,
       3.8408185640673378e+00, -8.3740274625056110e-01,
       2.2819308673156367e+00, 6.7415728662494994e+00,
       -3.9702252820695940e+00, -3.4745224094263594e+00,
       -5.3324352700205402e-01, -3.4830816615932525e+00,
       -3.7878997777150434e+00, 5.1926897514719228e-01,
       3.8092410377978529e+00, 5.1997285415924779e+00,
       5.3332001985191713e-01, -1.3945586198314845e+00,
       1.4758389538360859e+00, -5.9946743728436502e-01,
       7.5096087416253434e+00, 3.4225216288327576e+00,
       5.7224925027404101e+00, 3.8408185640673378e+00,
       -2.2737416626827884e+00, 7.2494897498910482e-01,
       -3.7752929018886094e+00, -4.7620243959821913e+00,
       -2.3119780813726951e+00, 7.3924162465627434e+00,
       6.0787812839501676e+00, -2.8483408971668185e+00,
       -1.8000316142520667e+00, -3.0803765100100784e+00,
       3.4225216288327576e+00, 1.4990134928382508e+00,
       -3.1526421032185548e+00, -6.2055402244418101e-01,
       5.2481979641441967e+00, 7.5748622931636467e+00,
       -3.5651272572107349e+00, 2.2167835791049972e+00,
       1.2149188332071459e+00, -5.1010910319616076e-01,
       -4.6508304642785619e-01, -1.0966998729421855e+00,
       2.7070443618559006e+00, 5.2687363594471286e+00,
       -2.3764894930893057e+00, -1.0200332154149075e+01,
       -2.9742711166902103e+00, 6.8814255913236861e+00,
       1.0940096326163156e+00, 5.2253366651278101e+00,
       6.0360343565501866e+00, 3.9472570687639115e+00,
       5.2083630846977425e+00, 5.3659399087138029e+00,
       2.4728986030989213e+00, 2.4156751176401356e+00,
       7.3948858476140789e-01, -5.5860091441712589e-01,
       1.6167248228589425e+01, 3.3321477690267276e+00,
       -3.7878997777150434e+00, 6.9804012617131033e+00,
       -1.5492558779568861e+02, -3.7790548679131386e+00,
       -8.4811832341911420e-01, 1.6435690233848947e+00,
       5.6369974722104690e+00, 3.7494009079716801e+00,
       4.1348233807885304e+00, -4.2990544792411417e-01,
       -2.8965690191788318e+00, 7.4367346644475747e+00,
       7.3748395140817824e-01, 6.0694901110430743e-01,
       -6.9412865683120839e-01, 7.1983172310350607e-01,
       -3.1986131393310169e+00, 2.5467453423738178e+00,
       3.5841240278899629e+00, 4.4110331191812051e+00,
       5.2081268112253190e+00, 6.2528850787798618e+00,
       -3.0423203522469020e+00, -2.3347532220925737e+00,
       -3.9282546337848010e+00, -3.7466253212767646e+00,
       -6.9067621010930436e-01, -4.8461917989645773e+00,
       -1.7425961760390503e+01, 5.5153048579535362e+00,
       4.2639935880228945e+00, 6.6171841761529766e+00,
       -1.6359000290190178e+00, 7.7307339837838285e-01,
       -6.3542929677327509e+00, -6.6556342978144367e-01,
       -2.0239226861298087e+00, -1.3247267651351619e-01,
       1.1482091316102188e+00, -2.0920486798026778e+00,
       1.3163899184325070e+00, -5.6802868243896354e-01,
       6.8006024747707885e+00, 6.8814255913236861e+00,
       -3.7790548679131386e+00, -3.6032684469417298e+00,
       -3.2321263093110577e+00, -3.2439599500164977e+00,
       1.3188183296690696e+00, 5.7980549633552743e+00,
       -8.6568857129970826e+00, -1.6522155457118617e+00,
       -2.6784677700394116e-01, 6.8047222178180578e+00,
       4.3137074369013151e+00, -4.8461917989645773e+00,
       -6.4896571428990624e-01, -4.0838964063611103e+00,
       -5.2970992695025543e-01, -3.8006111399812705e+00,
       -4.9509111358891946e+00, 1.1660835360646655e+00,
       -6.4499048722865249e+00, -1.9520182768181196e+00,
       -5.6895450538827941e-01, -2.1273610696521041e+00,
       5.1363247267827328e+00, 1.0090798725118484e+00,
       -2.9074080416527320e-01, 1.1766857945381104e+00,
       1.0354276148902237e+00, 1.1512739373453413e+00,
       -2.1414891075062936e+00, 1.5180503383186528e+00,
       -4.7077562272923340e-01, 7.4475498866988881e+00,
       3.5124299887350179e+00, -8.5778877006587511e+00,
       7.0229927707430717e-01, -2.5683149901104660e+00,
       -3.0542331478959501e+00, -4.2696779478553273e+00,
       -4.1112260391143751e-01, 5.6844872946139509e+00,
       6.0951267492989969e-01, -6.1206278383703405e-01,
       -3.5308143220962762e+00, 4.2009354774563995e+01,
       -8.8326020041505373e+00, 1.9877793765586707e+00,
       -9.8753919555933365e+00, 5.5153048579535362e+00,
       -5.9395622676607773e-01, -5.1087488615860757e+00,
       -3.2178874475063894e+00, -3.0981399916580989e+00,
       6.0733780979085994e+00, 5.8858862301756254e+00,
       -2.9074080416527320e-01, -1.0760900864624384e-01,
       -3.3366972792922134e+00, -8.4446939619951489e-01,
       1.3335554520137987e+00, -2.0471270307010601e+00,
       -3.4781286269392750e+00, -4.1230633547738132e-01,
       3.9367640358385847e+00, 4.3137074369013151e+00,
       3.4653833702291919e+00, 4.2422533534862712e+00,
       4.0950356520702362e+00, -1.2995798121177713e+00,
       -2.6219440547186332e+00, 1.9877119494923816e+00,
       3.8087064265553576e+00, -2.0985000191998258e+00,
       6.0951267492989969e-01, 1.6158071866261867e+00,
       6.0298960012724141e+00, -1.4805834405386362e+00,
       7.5771479816527973e+00, -1.8020609943602595e+00,
       -8.6223174552418091e-01, -2.7968867080153257e+00,
       2.4272946806693616e+00, 1.2213963397432524e+01,
       -1.8232112468009753e+00, -5.6303377885099981e-01,
       -9.6419086751910967e+01, 1.1978313908446589e+01,
       -1.2759948221278020e-01, -3.8284769852937055e+00,
       -3.6867651932056624e+00, 4.3486820301647908e+00,
       6.9461801626110020e+00, -2.2375545691919423e+00,
       5.7224925027404101e+00, 2.5881758136779789e+00,
       6.8374802027926584e+00, 6.2003483969737010e+00,
       -2.2800695424777779e+00, -5.7830013391755830e-01,
       -6.2899062068218026e-01, 9.6748753669541765e-01,
       1.7117416032177768e+00, -2.5115174544027692e+00,
       1.5244094632816150e+01, 4.2913940173268541e+00,
       -2.5094198228583462e+00, -3.1934993689653135e+00,
       3.0401479123940963e+01, 1.7881616884042359e+00,
       2.8705674096704326e+00, -3.8307524418365611e+00,
       6.7780807024323952e-01, 5.6805259398056371e+00,
       1.6671690056735939e+00, 5.6983156402174417e+00,
       2.3385196992084496e+00, 1.1783047118495224e+01,
       -3.6579771740515219e+00, -3.6579771740515219e+00,
       4.2634980426029889e+00, 1.4377280890102186e+00,
       -3.7181468291724031e+00, -5.1723863162261070e+00,
       -4.2062108713235595e+00, -3.1181366070862087e+00,
       1.2622000040961088e+00, -2.7062378510348699e+00,
       -4.6768575581238734e+00, -3.6551364343532362e+00,
       -3.4936814663721077e-01, 1.3774064820320759e+00,
       4.0858835308592756e+00, 3.3947095760581361e+00,
       -5.5011755073306645e+00, 1.1159704379700832e+01,
       -5.8978808971212460e-01, 3.9864855127737444e+00,
       -5.4885065228401397e-01, 2.1361061931217877e+00,
       1.8762799673673822e+00, 6.1815509996211189e+00,
       -1.1110048495195570e+00, 5.1144138549649298e+00,
       6.9766813083183150e+00, 4.0184870685847962e+01,
       2.4688868345680555e+00, -2.2263245061775581e+00,
       6.2895400819463871e+00, -6.4132508696456758e-01,
       -3.2139705256974125e+00, 6.7263469014152166e+00,
       5.6809882342430500e+00, -3.5831527701695340e+00,
       -8.5948027774369806e-01, -3.8223368961758100e+00,
       -4.0017122038702944e+00, -1.7130119490380933e+00,
       -1.7434452671816654e+01, 7.6493690142512669e+00,
       -2.6422196627457606e-01, -3.4905229924168624e+00,
       6.1440268786408909e+00, 6.7780807024323952e-01,
       -2.2787325659734705e+00, -3.8299984236548097e+00,
       -1.7813774253132511e+00, 6.2957661214230516e+00,
       -8.7865938195775097e+00, 5.1266300292010438e+00,
       -5.9331301843642645e+00, -1.5914592460945558e+00,
       -1.3323048968786362e+00, -4.3537319976701392e+00,
       -2.0183967340407492e+00, -3.5159654883457963e+00,
       -2.2040891413708059e+00, -3.3366972792922134e+00,
       5.6756827250949593e+00, -8.5520200179037165e-01,
       1.4794671388677584e-02, 3.7883529910735803e+00,
       7.6277693666701625e+00, -4.5637397674713727e+00,
       5.7819487375024075e+00, -2.3620719778957264e+00,
       1.6893648411878903e+00, -1.5194859649698984e+00,
       2.9552173986244625e+00, -9.3930118176842758e-01,
       -3.7889900906813980e+00, -3.2328731223395497e+00,
       1.2210067211343620e+00, -4.0652074123661608e+00,
       3.4982285438941391e-01, 3.2999783308256131e-01,
       7.0583569558447357e+00, -3.0741214814727282e+00,
       -2.1727835327146248e+00, 9.2246122545295561e-01,
       -3.4745224094263594e+00, -8.5724256348100825e-01,
       -6.3259019601562072e-01, 1.1214386145000139e+01,
       -1.6414402575765412e+00, -3.5993331258925487e-01,
       6.1389560921401332e+00, 4.5928450506694514e+00,
       -5.8086229997609873e-01, 1.9979107017696571e-01,
       -2.5160464964445795e-01, 6.7717349639036915e+00,
       -4.5166824752965029e-01, -5.5412336735322643e-01,
       -3.5051598025227482e+00, 5.2912122015759229e+00,
       1.2674591418496314e+01, 6.7486229159078670e+00,
       -2.9398829886229421e+00, 1.9524547239279912e+00,
       -3.3199981462033508e+00, 3.7827044948285966e+00,
       -1.7565819677174279e+00, -4.9347961021153514e-01,
       -9.4650145317690306e+00, 6.0940818943321888e+00,
       -5.2106685796023688e+00, 8.3621479139350736e+00,
       -3.7252187307442890e+00, 4.2405866224499631e+00,
       5.6714929299821115e+00, 5.3119359405213782e+00,
       3.1281119233824689e-01, 3.2199956145405018e-01,
       5.5684444279266032e-01, -1.3555444825242497e+00,
       -3.1984757931948731e+00, -1.2490705311594503e+00,
       7.5539604715297157e+00, 6.0074685028113608e+00,
       -1.1786236474981953e+00, 3.6769513908676860e-01,
       -9.6472140739323216e+00, 5.3119359405213782e+00,
       -2.5759390007631748e+00, -3.6752705297226536e+00,
       5.2489523466115156e+00, -3.5176774764304923e+00,
       5.2163980781548451e+00, -3.7675573384239200e+00,
       -2.9475164178205315e-01, 5.2458442257456896e+00,
       -3.7469635132890802e+00, 1.0437953147420285e+00,
       5.7072005109578070e+00, 6.7435837921145003e+00,
       -2.9533301447979872e+00, -1.1341389302492799e+02,
       -1.1844084597802694e-01, 5.6854609476437474e+00,
       -3.5122530586651122e+00, 5.9622835210175964e+00,
       -3.7796937999425646e+00, 8.3621479139350736e+00,
       6.4450967817601583e+00, 6.8625859064265073e+00,
       7.6322664176421098e+00, -7.1675983868472519e+00,
       -2.9069844367362219e+00, -1.7619293741621205e+00,
       -1.0108104968857339e+00, -4.9094577489473830e+00,
       -2.9700338676917053e+01, -1.2223657478409780e+00,
       -3.5899338862325019e+00, 6.8040819252038212e+00,
       6.9567740185072457e+00, 6.2202508968461157e+00,
       -1.2990705465134618e+00, 1.5483662410256964e+00,
       1.6671690056735939e+00, 6.1440268786408909e+00,
       -1.2744013546891799e+00, -2.1847902797062169e+00,
       5.6564773197371876e+00, -3.3016697614514179e+00,
       -1.9658634443563445e+00, 7.6413938733084317e+00,
       -3.9682970823156491e+00, 1.0929605519334582e+00,
       -3.6649777483734671e+00, 4.0603937007102004e+00,
       -2.5759639643993677e+00, -1.8235752301165669e+00,
       -3.0487598522827958e-01, -2.9161816330357011e+00,
       -2.2712511003652915e+00, 3.0591491081920474e-01,
       -2.2223664539240904e+00, -2.1027301895097401e+00,
       -2.0682190636022597e+01, 4.3814409337599383e+00,
       7.3523121928783093e+00, -1.7617109861617591e-01,
       4.2848810790196969e+00, 1.6792352588584307e+00,
       -2.9475164178205315e-01, -2.3086211879290670e+00,
       -2.5248486866663744e+00, -3.9276897770126000e+00,
       -1.0472763836652164e+00, 6.4205114703267947e+00,
       -3.2624897402063224e+00, 9.3536344807489813e-01,
       -1.2391744468661541e+00, 6.9767705127749515e+00,
       -3.2439599500164977e+00, -2.4457878259043161e-01,
       5.6904350992162307e+00, 4.5041624173741006e+00,
       -3.3833918813355175e+00, -2.7489678615443358e-01,
       -3.4905229924168624e+00, -1.3513755748043064e+00,
       1.5805948990778906e+00, -2.8132955792125034e+00,
       1.5219753605751374e+00, -4.4999287688983330e-01,
       -3.6678968611441665e+00, -3.7464392351473674e+00,
       -3.8186109879731434e+00, 3.9318264207263600e+00,
       1.9979107017696571e-01, 5.9899844955378656e-01,
       5.8374069967300564e+00, 5.0058364007011869e-01,
       1.3381967482940108e-01, 1.3568794418749943e+00,
       6.0419852935592671e+00, 2.2951125472048899e+00,
       6.8040819252038212e+00, 8.1296001522127881e+00,
       2.4895869332068989e+00, 5.8901206943642865e+00,
       -1.1652481567067066e+00, -2.4209083482457261e-01,
       5.5231116778426497e+00, 5.7576428516196518e+00,
       1.7201456792036732e-01, -3.8170067408444814e+00,
       6.9615011103970534e+00, 1.5004045921959532e+00,
       -1.3617971339482546e+00, -1.0707704980094261e+01,
       -8.9042346894478619e-01, 6.3933542117995188e+00,
       -2.0132277336651088e+00, 4.3065483768465800e+00,
       -2.5129638772296490e+00, 4.1413177781321124e+00,
       -9.0581860232326361e-01, -4.2474139524204109e+00,
       2.3931391217478151e+01, 4.2224371564491250e+00,
       -3.7891599465026488e-01, -3.2269299776068627e+00,
       -4.3687173308458398e+00, -1.4200848924753551e+00,
       5.3348304837915572e+00, 7.5862456359730110e+00,
       -3.7796937999425646e+00, -2.0511281152700047e+01,
       -5.9210309807129136e+00, 1.3158399215728902e+00,
       -4.6768575581238734e+00, 2.3124061714780586e+02,
       5.9239032463270638e+00, -5.9736940531556082e-01,
       -1.1200876175972090e+00, 9.2698454544275659e+00,
       -1.2147859292023939e+00, -1.0991983123930240e+00,
       5.6093056560827934e+00, -3.7391520874792579e+00,
       6.1571789039026044e+00, -6.0115282253888236e-01,
       -2.4337200219882263e-01, 5.9095980284400023e+00,
       -2.1697204522220517e+00, 5.0390926570339989e+00,
       -2.8804622590695592e+00, 1.6885005386699441e-02,
       5.8786896165063149e+00, -2.6921621584497384e+00,
       2.5685868765158766e+00, 3.9876159516420193e+00,
       1.0672834051032765e+00, 2.5563260355547825e+00,
       -8.5741817522865349e-01, -9.9703287816190833e-01,
       -2.2672313981571229e+01, -3.4392769872146216e+00,
       -3.3652991272185178e+00, 2.7765882500614194e+00,
       5.8030991558532152e+00, -3.3754413031373620e-01,
       5.4116066887339240e+00, -5.5267753788486287e+00,
       5.6973847689388091e+00, 5.8710833140824610e+00,
       6.5237864129755128e+00, 7.1844702723305398e-01,
       5.2889689972091718e+00, -9.3872876376007341e-01,
       6.4107359844490981e+00, -9.6301935905014613e-01,
       -1.5955050042240029e+00, 1.5469071932565241e+00,
       5.9488533811921283e+00, -4.2980121299573657e+00,
       8.1026456498280575e-01, 6.1297036354712970e+00,
       -1.9409149499684426e+00, -7.0615290579133445e+00,
       3.7377733497931676e+00, -7.8236492862857592e+00,
       -2.0115369370033958e+00, 3.0397145232005243e+00,
       4.3487604718639812e+00, -2.2418399294471580e+00,
       -3.3317545795404699e+00, 3.6769513908676860e-01,
       -2.3037241621211209e+00, -3.0792931991768517e+00,
       3.8916216949834501e+00, -4.4614505395150134e-01,
       -1.2742981140226011e+00, 1.9226644962604622e+00,
       6.8354932867467033e+00, -4.3537319976701392e+00,
       5.6340617193481703e+00, -3.7788257218796804e+00,
       4.0180600447316897e+00, -4.7524323521671628e+00,
       1.2198940509430372e+01, 1.2594503925221163e+00,
       6.4107359844490981e+00, -6.0168112418563502e-01,
       3.2378884064138402e-01, 4.1257552803991500e+00,
       4.9631780821375502e+00, 1.3970860292036743e+01,
       -4.4960596764433525e-01, 4.6405100829005121e+00,
       -3.5248934516028783e+00, 5.8030991558532152e+00,
       6.7649004967013164e+00, -1.8576219627632760e+00,
       -5.4415956641892809e+00, 5.1312265429385988e+00,
       2.8047660291661356e+00, -6.0814688290472922e+00,
       1.5832933946067613e+00, -3.4932467316104119e+00,
       6.0244269502904126e+00, 9.0959230361091126e-01,
       7.3973682057041978e+00, 2.0611075468449688e+01,
       6.8711405023856544e+00, 1.2090318553288439e+01,
       1.4515302700802790e+00, -1.0108988968404389e+00,
       8.2345047790757242e+00, 4.2192277517158328e+00,
       -3.2050465766985536e+00, 2.0644611559255782e-01,
       -1.6195403549011633e+00, -1.0660537290919432e+00,
       -8.8621073524167553e+00, 1.0773687409757104e+00,
       -4.8822281912809391e+00, 1.3400242775720153e-01,
       -2.6065255672248877e-01, 4.3500309501729753e+00,
       -3.8118720052523090e+00, -3.3317545795404699e+00,
       -7.8236492862857592e+00, -1.1789173158224302e+00,
       2.0600905978867479e+00, -9.2882128953911689e+00,
       -2.9103074270065737e-01, 5.9274103875894424e+00,
       1.0007671083768939e+00, 5.7248887699963049e+00,
       6.0031753314584693e+00, 6.8137130420387120e+00,
       -1.5381894162883938e-01, 2.1914282120427586e+00,
       -5.4859760138417757e-01, -1.0109221864272202e+00,
       5.2511974568571969e+00, -3.2042845007463052e+00,
       -3.9127733714051844e+00, -4.2711926441373125e+00,
       5.4474511219555808e+00, -3.1970536394408597e+00,
       9.8303653168409910e-01, 6.0616308356108490e+00,
       -8.0831602793244137e+00, -1.9219041668505621e-01,
       2.6487874987340159e-02, -3.8443016050608851e+00,
       -3.4463642489261095e+00, 2.1588653534555844e+00,
       6.6771158210079493e+00, -2.1813230038833251e+00,
       9.3402989467791442e-01, -1.1016536267820887e+00,
       4.0881571186097663e+00, -1.0108561412649455e+00,
       -1.1451551535127902e+00, -2.4276695131789490e+00,
       -1.1509727192102594e+02, -1.4355528430743743e+00,
       2.5729500920342128e+00, 1.1134473063405380e-01,
       1.1989884286955903e+02, 1.0358598609038571e+01,
       5.7100083764904817e+00, 2.9253843915743422e-01,
       2.5230256491013092e+00, 3.9043698765331719e-01,
       -8.3214344507846469e+00, -7.1870106962692004e+00,
       -7.2455443069811176e+00, -7.3875441716353931e+00,
       -7.3393166823104909e+00, -8.1511029671049329e+00,
       -7.1868357668406775e+00, -7.3751317593310102e+00,
       -7.2947075230625780e+00, -3.6566364103237428e+00,
       -3.6566364103237428e+00, -8.0261095485570682e+00,
       -6.9753789139317277e+00, -7.3751317593310102e+00,
       -6.5753165849784230e+00, -6.9177965848696434e+00,
       -8.1138463453734477e+00, 1.4940354174396457e+00,
       -5.6191067763817131e+00, -7.9670368383540211e+00,
       -6.5163899599453154e+00, -7.0230574721404890e+00,
       -8.2514597799795695e+00, 2.0395986168299123e+00,
       -6.9522296255522233e+00, -7.3393166823104909e+00,
       -6.9522296255522233e+00, -6.6635253787731088e+00,
       -6.3322581213622886e+00, -6.5077099424710836e+00,
       -5.6597200940014742e+00, -7.3162795217341667e+00,
       -4.4732775139811878e+00, -6.3281194658323123e+00,
       -7.3859067551309610e-01, -6.4171102660270547e+00,
       1.6673033948877971e+00, -7.4803934855583591e+00,
       -1.3981234556801303e-01, -7.3875441716353931e+00,
       -1.0396272542567397e+01, -6.6561556710636474e+00,
       -7.4803934855583591e+00, 1.4591487143157678e-01,
       -6.6392612796042032e+00, 1.4062235848013833e+02,
       -5.9588770342045496e+00, 2.2711766507573236e-01,
       -6.9876529724961172e+00, 8.7126029561357221e-01,
       -3.3612588697956922e+00, -1.0383774088760292e+01,
       -1.1372363453786121e+00, -2.7131305106280926e-02,
       -6.1698310706626858e+00, -7.1600361232900527e+00,
       -5.8191933074226885e+00, 1.7323297162282778e+00,
       7.8128114619993985e-02, -9.7937365752179684e+00,
       -6.4855429832706228e+00, -5.2895474498194162e+00,
       4.6226784116408964e-01, -5.7972152357195368e+00,
       -3.8480147712088991e-01, -1.9031103433593502e-01,
       -8.5185534118832571e+00, -5.4939814340709683e+00,
       1.9632325503079606e+00, -2.1927698180016071e+00,
       -7.1391511771282605e+00, 2.8653378602752082e+00,
       -4.5212316646508395e+00, -5.2895474498194162e+00,
       -6.0089554650995298e+00, 1.6655188863104391e+00,
       -1.4320804418484714e+00, -1.8595922212019944e+00,
       -6.3397730273312165e+00, 3.7574247128226912e-01,
       2.1243400929866256e+00, -2.3659021967630531e+00,
       -4.2364977999667710e+00, 1.3012834807853262e+00,
       2.4477467303867561e-03, -3.5963722599793257e-01,
       2.0460783046417417e+00, 4.1928227555242775e-01,
       -6.6468104082177861e+00, 1.1602568012571250e-01,
       8.9983769389783225e-02, -1.1735712476315645e-01,
       2.6243542379253232e-01, 6.0525415933634397e-01,
       -6.8723826765357350e+00, -6.1283742406827653e+00,
       -7.1284453303536619e+00, -6.3397730273312165e+00,
       -1.9261214222473041e-01, -7.6688341661362669e-01,
       -1.8595922212019944e+00, 7.8128114619993985e-02,
       -7.1427862050756286e+00, -6.8700355516503029e+00,
       -1.3037565884735849e+00, -1.6148027266109846e+00,
       -3.1489076236906771e-01, -9.3809252743863480e-01,
       -6.1283742406827653e+00, 3.0682108381607645e+00,
       -7.1179176887489168e+00, -4.1067137659072439e-01,
       1.7707468583321078e+00, -7.4846905525895757e-01,
       1.5279359039423002e+00, -7.1563599399848119e+00,
       9.1016314172810453e-01, 1.0404973639649151e-02,
       5.4466536272214661e-01, -9.6842057513007129e-01,
       -6.9807160472702208e+00, 3.8188092442616273e-01,
       -7.1391511771282605e+00, -7.0009600534718492e+00,
       -1.1360838775769486e+00, -9.6295519016185018e+00,
       1.4824805665164491e+00, 1.2472553428785158e+00,
       -4.5212316646508395e+00, -5.5308880413374129e-01,
       2.0074272052120970e-01, -7.0191729903523763e+00,
       3.3184737429371014e-01, -6.6392612796042032e+00,
       6.4681268981123941e-01, -9.8750948773572436e+00,
       -2.3967599144041567e+00, -6.7512959464017230e-01,
       2.0460783046417417e+00, -7.1843370174428705e+00,
       -4.0199925337999474e+02, -5.3403152449023121e+00,
       3.2135438879417405e-01, 1.2436223641569286e+00,
       -7.2438920931254778e+00, -6.0847446093570339e+00,
       -9.2631475394190199e-01, -9.4939341813741418e-01,
       -6.5165698783669797e+00, -7.0084945622116912e+00,
       -9.9291408155186750e-02, 1.2458979617297787e+00,
       -6.8345858496432887e-01, 2.1829670335014958e-01,
       -6.9120023000641151e+00, 3.5577688327539742e-01,
       8.0229972423103213e-01, -7.0903569522149503e+00,
       1.5489987200086304e+00, -1.2386962752632540e+00,
       -9.9459956411699946e-01, -2.5653114993311676e-01,
       -3.7871246969393133e+00, -4.9244706978429207e+00,
       -8.1499099022892055e-02, 1.9662963753714377e-01,
       5.3302975704630722e+00, -8.1279160984331398e+00,
       -5.3077475884589571e+00, 1.5103525221058854e+01,
       9.2860519019605167e-02, -4.6770126630256294e-02,
       -4.4634853210167345e+00, 6.0840510888540589e-01,
       -4.2995250465181307e+00, -2.8530125647736476e-01,
       2.3379722917614867e+00, 1.1455107255175097e-01,
       -4.8125816467947047e+00, -9.9934396882026615e+00,
       -2.3035425827338569e+00, -9.6295519016185018e+00,
       -5.3403152449023121e+00, -4.2946426527201220e+00,
       2.7572046356584452e+00, 2.5943406765956625e+00,
       -8.1939977534414634e+00, -8.7007029098510857e-01,
       6.2870566473131406e-01, -5.9912943525151512e+00,
       9.2020871506076696e-01, -8.8544264453215700e+00,
       -7.6005391071386548e+00, 1.9662963753714377e-01,
       2.7373573252332550e-01, -9.3901182020031254e-03,
       1.4294980967850949e-02, -4.6663223435595507e+00,
       -2.2795206260422352e+00, 2.1307641105355959e+00,
       -1.1631367635529450e+00, -6.3648745216445404e+00,
       -1.1870049023562604e-01, 9.3627703891491762e-02,
       -3.1850220997062424e+00, 6.5770883396392199e-01,
       -3.0287901726117150e-01, 9.0616023419700309e-01,
       -8.0977789027287219e+00, -2.7679438068150212e-02,
       8.5284547245707526e-02, 3.0549847704655608e+00,
       5.3860409415420019e-01, -6.7878798546987333e+00,
       -8.0945501159018978e+00, -1.5831246716309733e+00,
       4.5020589616847989e-01, -3.1975957053941056e-01,
       4.7397697222320667e-01, 4.5800208084755245e-01,
       -1.3980253735756058e-02, -6.4814827303257010e+00,
       -1.6944249690668017e-01, 4.6963944003328140e-01,
       1.4669420795600634e+00, 1.1543566709455975e+01,
       4.0801855090558474e+00, -5.1762148087327953e+00,
       -8.0809067151498570e-01, -8.1279160984331398e+00,
       2.2169039444793022e+00, -2.0549836661674505e+00,
       -5.5601838703016138e-01, 4.6734664187242292e-01,
       -1.2338926946034028e+00, -4.3349667102371692e+00,
       -3.0287901726117150e-01, -5.1205670552623399e+00,
       -2.7089476816481470e+00, -9.4361521921785876e+00,
       -1.9555592646482982e+00, -5.0823119162422730e+00,
       -2.4190776109760972e-01, -2.2111205290917257e-02,
       -1.4153985317718059e+00, -7.6005391071386548e+00,
       -2.5495247971007562e-01, -5.5758269310951709e+00,
       -1.4590249011979524e+00, -1.1604463686764510e+00,
       -3.5743785733924316e-01, 3.1743688154391578e+00,
       1.4322444008185793e+00, -3.3994586221500467e+00,
       -1.6944249690668017e-01, -3.5443638455255200e+00,
       -6.6825434060360340e+00, -1.1415647570489031e+00,
       -6.8662058769440311e+00, -2.8304296454109014e-02,
       3.3446250648038173e-01, -8.3009932401950509e-02,
       -3.8491408971834791e-02, -3.1330820107023301e+00,
       -2.6984138917736128e-01, -9.9342727273682936e+00,
       -2.3096536271413720e+03, 3.0449609242812619e+00,
       -1.5924479020416424e-01, -4.7529337572091279e+00,
       -2.1079612240590490e-01, -5.0945378399728263e+00,
       -9.6359049142901547e+00, -3.2283477499308249e+00,
       -7.1284453303536619e+00, -7.0620018355018388e+00,
       -3.5454137552984828e+00, -1.2278143096569469e+00,
       1.1307106860879554e-01, -5.7145526593617901e-01,
       -3.4121929944023542e-02, -3.6184015625250893e-01,
       -6.5441077957314764e-01, -7.3126836064307765e+00,
       -3.0363129624623347e-01, -5.8252273394804437e+00,
       -1.7138964592629193e+00, 2.7906127521611341e+00,
       -4.7080618535196423e+00, -4.0161370743640123e+00,
       -2.2768050285516342e-01, -2.0649112107719630e-01,
       -7.8722260241222652e-01, -6.5379540515732613e+00,
       -3.4366446040166339e+00, -5.8113087233292067e+00,
       5.7250292202233144e+00, 2.1738123116360990e+00,
       -2.9167298804444558e-01, -2.9167298804444558e-01,
       -5.6631291362633709e+00, -1.7368798766974431e+00,
       6.7851278566930839e-01, -1.9268402999572645e+00,
       9.7308866120356274e-01, -6.2648644097557182e-01,
       2.1278802559737993e+00, -1.5786663994654515e+00,
       -2.7355789591043478e+00, 2.4100732169731973e-01,
       1.0065199189445764e+00, -5.1311956933263403e+00,
       -3.9758814377451932e+00, 5.2664016550328829e-01,
       -5.0660754537756771e+00, 1.3087081146845786e-01,
       -7.2485332234989647e-03, 2.7263905854555653e-01,
       -1.1667787968425604e-02, -5.5201052434679641e+00,
       -4.3832457072770978e+00, 1.9668891066132310e+00,
       -1.1277422546780711e+00, 1.5399555477544363e+01,
       -7.4621676337866001e+00, 1.1042041653666162e+01,
       -7.1853511669169823e+00, -1.6662185464104121e-01,
       -4.6094331403998865e+00, 1.7928537613500922e-02,
       -4.8509286690602105e-01, -9.3829651933279379e-01,
       -6.3097129873738353e+00, 4.0452578026086589e-01,
       -5.1516229612626372e+00, -3.8888594892314505e+00,
       -4.5469205612032620e-01, -1.8353619786124348e-01,
       3.3025876147789557e-01, -6.9828084988956860e+00,
       6.3308546798711590e-02, 1.3752296050586175e+00,
       -7.8389804470998237e-01, -7.8722260241222652e-01,
       -7.2957884028735585e+00, 2.1305788958532004e+00,
       -2.0214093027830610e-01, 1.9262719210530279e+00,
       2.8112888587889020e+00, -7.4438074303112431e+00,
       -3.5373363297063798e+00, -1.3702830818336159e-01,
       -7.8675719422510264e+00, -3.2178247843371657e+00,
       -6.7656309366104617e-01, -2.5780895272087345e-01,
       -5.5528480767484343e+00, -2.7089476816481470e+00,
       -6.5535873463437326e+00, 6.1636896457204458e-02,
       -6.9142513915905797e+00, 2.3846778460357818e+00,
       5.9969108934481987e+00, -4.5686010174333802e-01,
       -5.6949445945895227e-01, -9.9072310672514249e-02,
       -3.8053408770271853e+00, -5.5674445300309350e-02,
       2.7412361723577794e-01, 5.9332375208081500e-01,
       -3.7779169510514077e-01, -3.8615529596385939e-01,
       1.8406008343499407e+00, -1.4261927805452478e+01,
       -6.7635077304478788e+00, 8.1173291146802562e+00,
       1.5800468384034589e+01, -9.7274172869176490e-01,
       1.3038525779317020e-01, 4.6939055819353109e-01,
       1.3012834807853262e+00, 5.8756148209532466e-01,
       -4.5890868980455794e-02, 3.6542390867721304e+00,
       1.6767024454602286e-01, -1.7873998216343906e-01,
       -4.5507604577827152e+00, 9.8170658357268514e-01,
       6.1911765352639300e-02, -7.5044313395300835e+00,
       -3.2649114450101968e-01, 5.5659899871213359e-01,
       3.1741750030484392e-02, -6.8474842469966948e-02,
       4.4775876548809085e-01, 2.3121355329459021e+00,
       -3.5436321121119212e+00, 8.5557048304963370e+00,
       -7.3167740026497174e-01, -4.7259443425992709e+00,
       2.7030251333434445e+00, 6.4384829556871936e-01,
       -5.4150424378128248e-01, 5.0275202452222764e-02,
       2.5146419938710767e+00, -2.7328750835214453e+00,
       -1.8775208553734293e+00, -1.1116966545049108e+01,
       -2.5293602639976355e-02, -1.1815143471065390e+00,
       -6.4824465549336239e+00, -3.9193629586896193e+00,
       -7.7674618988227744e+00, 2.7891973265802932e+00,
       8.2144183313018482e-01, -1.4234278761175805e+00,
       -2.3021592130265462e-02, -8.4143191079429103e-01,
       -6.7138688494748617e+00, -5.1808089342552055e+00,
       2.6285982393631191e-01, -5.6046760262221111e+00,
       -2.1803136272473238e+00, -3.9193629586896193e+00,
       -8.9983539000919899e-01, -4.6075115494335304e+00,
       -1.6163726085456407e+00, -4.3873198657161812e+00,
       -2.0050032808425451e+00, 1.9928445911088415e+00,
       -2.9837556595111558e-01, -9.3927703306560029e-01,
       1.0841630074721258e-01, -8.1294229141867547e+00,
       -7.1546404827111356e+00, 5.5432959076149091e-01,
       -6.4702589595031068e-01, -2.2460699238634170e+01,
       -3.5282202852474159e-01, -7.1916387904902841e+00,
       -3.6315075886758230e-01, -5.4395889190879796e+00,
       -4.0749253987766282e-01, -1.1116966545049108e+01,
       -1.0959649375914906e+00, -8.4529146522773608e+00,
       -6.8375430488938953e+00, -1.0110954605931077e+00,
       -5.5846679387078355e+00, -4.8652627030150758e-01,
       3.1305268264178382e-01, -4.4555017781749582e+00,
       -5.7043138435423018e+00, -8.4340813852062624e-01,
       -1.0475680893031831e+00, -8.2915854731329066e+00,
       -7.1970071936333149e+00, -3.9092992664722459e-01,
       -1.2710150532603868e+00, -2.0020074916765593e+00,
       -3.4366446040166339e+00, -7.8389804470998237e-01,
       -3.3875829406375424e-01, -3.4883195250681370e-01,
       -7.1262338722326026e+00, 1.6754156387491642e-01,
       -8.2644419954494264e-01, -6.9092547153051864e+00,
       -4.1547852390890823e+00, 3.1163657752055998e+00,
       1.6189676231739125e-01, -3.7073073652145423e+00,
       -3.4214952616803447e+00, -3.0856837581479115e+00,
       -1.6237549138620411e-01, -7.1177135460208263e-01,
       -3.2913507522152887e+00, -3.5809880137032262e+00,
       -1.6900065192155989e+01, -6.7511234549039161e+00,
       -9.1851491969202982e+01, -5.7788635485031987e+00,
       -7.3018349402934890e-01, 5.7844027872343029e-01,
       -3.0485372333658822e+00, 4.8431424300214221e-01,
       -2.9837556595111558e-01, -7.7106500204740716e+00,
       -1.7353404724405266e+00, -4.2455008218290207e+00,
       -6.4673164087979607e-01, -4.9060042299736423e-01,
       1.8195904223579382e+00, -1.0356472254489395e+01,
       -8.9276003415853111e+00, -4.2649266337936309e+00,
       2.5943406765956625e+00, -2.2846004986012516e-01,
       -6.6171156875363195e+00, -4.3423470994051955e-01,
       -4.5360783721601594e+00, -1.6079566484015666e+00,
       1.3752296050586175e+00, -4.6472426643914000e+00,
       -1.0896754875799390e-01, -2.0961634716394964e-01,
       8.5892420904716771e-01, 3.7922177129883837e-03,
       1.8836913435254221e+00, -4.2904633992626534e-01,
       -3.0773898773451358e-01, -1.4994690415471248e+00,
       -7.5044313395300835e+00, 8.8202367549629024e-01,
       -2.3726164037860337e-01, -5.8425100282897793e+00,
       -5.9074524602157643e+00, 1.9559736730767767e+00,
       -2.6814233388953079e+00, -6.1633863004371108e+00,
       -8.2915854731329066e+00, -4.8187276149615457e+00,
       5.0283984193964593e-01, -6.4158860353599874e+00,
       -3.5863242259165622e+00, -1.1031685409080094e-01,
       -7.1283119348310287e+00, -6.2501058157965863e+00,
       -3.9672562600213940e-01, -4.8109901473641221e+00,
       -7.1680235441646101e+00, 2.9190774848955745e+00,
       -8.7844264355087021e-01, 4.0995797731083492e+00,
       -8.3817049645768336e+00, 1.6767677354931148e+00,
       -6.7595237686408927e-01, -3.5268533530764561e+00,
       -7.1887949581972528e+00, 8.1034464473765122e-01,
       -8.8018438558093859e+00, -9.8220326721595885e-01,
       9.5115753436361441e+00, -1.4243029476745470e+00,
       -1.2565376542728540e-01, -1.6579889596171851e+00,
       9.6910133642736174e-01, 9.6478530769981341e-01,
       3.1407450420775858e+00, -6.6332194243590479e+00,
       -4.0749253987766282e-01, -1.1869679881645791e+01,
       -4.3396168825567063e+00, 1.3842277858727274e+00,
       -2.7355789591043478e+00, 8.2853089003138916e+00,
       -3.9845049699997368e+00, -6.1815966428284099e+00,
       -1.1701833602319340e+00, 2.0354244840757110e+00,
       -3.1686573780846645e+00, 2.8735728845013448e+00,
       -7.8147359382871677e+00, -4.4858554844059002e+00,
       -1.8074771718391969e+00, -6.3450285296349671e+00,
       -2.7086654530055848e-01, -6.4714120328643219e+00,
       1.7288291244293832e-01, 1.1248397650002924e+00,
       -6.4767196950574144e+00, -6.8302499814753537e+00,
       -4.5809920077800346e+00, -5.6746534863823710e+00,
       -3.5292900045765663e-01, -2.5449043366674164e+00,
       -1.2012108938977286e+00, 2.9236473626201831e-01,
       6.0647409154133680e-01, -9.0860063315121842e+00,
       4.0671030704279163e+00, 1.2639210493480117e+00,
       1.0003435418911168e+00, 4.7426733789746445e+00,
       -4.6537322125809233e+00, -2.7164734352008432e-02,
       -8.3240067025825724e+00, -4.8010206880926010e+00,
       -7.0853958844732459e+00, -4.1286456415974371e+00,
       -8.5999501758847465e+00, -1.3939460185427613e+01,
       1.4320288509628489e+00, -9.1313960750681140e+00,
       -4.6733673336873176e+00, -8.5478282736397482e+00,
       -7.5279647236502587e+00, 5.2616430234882139e-01,
       -2.6939611764991600e+00, 9.7376238623869671e-01,
       3.2176059244111832e-01, -1.9075498783853926e+00,
       -9.1208590905568947e+00, 2.8908729407778078e-01,
       -6.0477939067132169e+00, 3.5815039395002821e+00,
       -2.6758126493911920e+00, -6.3421157766785408e+00,
       -4.7478610790738909e+00, -7.1761844976577682e-01,
       3.8753839496956335e+00, -5.6046760262221111e+00,
       -8.7860696450414133e-01, 4.3415641718126774e-01,
       2.0988609574536818e+00, -9.8568022577586127e+00,
       -3.4799698020561998e-01, -4.5919736334587560e+00,
       -8.7873093703885061e+00, -3.2178247843371657e+00,
       -7.0488271871930284e+00, -1.1997998856258776e+00,
       -2.9782383074171279e+00, -2.6255858366015925e+00,
       1.8273262102215973e+01, -2.0880239676685215e+00,
       -4.6733673336873176e+00, 5.2282330352630080e-01,
       -4.6753269068345480e+00, -4.9659877974481965e+00,
       -4.0550501508973422e+00, -7.7434839525750876e+00,
       -9.8947606330895912e+00, -7.8267536831476070e+00,
       -4.4338172872629000e+00, -4.6537322125809233e+00,
       -2.4372721430972009e+00, -5.9480089255923392e-04,
       -1.4567307299811252e+00, -2.1004750851408924e+00,
       2.0425312172760510e-01, -2.4007618292634316e+01,
       -3.3457126394406180e+00, -1.3989445432842043e-01,
       7.5090234027553953e+00, -6.0126180419150251e-02,
       -6.8486470112759239e+00, -7.7726017352950123e+00,
       8.6808781842164269e+00, -1.1599944744113651e+01,
       -1.4318069085241927e+00, 3.2370681537072032e-01,
       -3.6719020354637912e+00, -4.3997349956441356e+00,
       -4.9102880416385615e+00, 2.5662006605580210e+00,
       -7.7269170809594607e+00, -2.4467524353261529e+00,
       1.3659212767340584e-01, 1.2911608765744118e+00,
       -2.0615427241327939e+00, -1.0177492772609316e+01,
       -6.1397083144868727e+00, -6.8741237907104971e+00,
       -4.9529398812999741e+00, 3.8753839496956335e+00,
       3.5815039395002821e+00, 2.5587814956802440e-01,
       -4.3880543990638996e+00, -1.2172342106809873e-01,
       -1.0061028556219480e+01, -5.5865995888702491e+00,
       -2.0221482452130357e-01, -4.9601557930747875e+00,
       -2.1653752922110745e+00, -9.6136744951071442e+00,
       -1.0517079908340163e+01, -4.8494576458018983e+00,
       -8.6314929553335584e-02, 3.2627048217185495e-01,
       2.5807804307622444e+00, -7.0604693951634087e-03,
       -4.4619179952258410e+00, -9.2789547017926788e-01,
       9.5360335062132051e-01, 3.5873228128187389e+00,
       -5.0904030622578555e-01, -1.4788743049970001e+00,
       2.9200021090086605e+00, -6.8370792466102093e-01,
       -3.4438425782329590e-01, -3.8763864413442981e+00,
       1.2476985105952696e+00, -2.2354155501706974e-01,
       -7.8967817650811032e+00, -6.5559306232642083e+00,
       -8.4267430718882324e+00, -3.9576684791000196e+00,
       -1.2332270247219757e+00, 3.1821604725040736e-01,
       -3.6878213454205977e-01, -1.1002636697025963e+00,
       5.6376996756075037e+01, -1.0959728937800037e+00,
       4.5188606304395618e-01, -3.9172267616634249e-01,
       3.8101311658871611e+00, 2.2132557981766832e+00,
       -7.4861424319151544e+00, -3.5477962041132733e+00,
       1.9830698625144534e+00, -1.0513742396351008e+01,
       3.9590475182045878e+01, 3.1812715842533947e+01,
       3.1788072711438733e+01, 3.9103342340490748e+01,
       3.8816456418369754e+01, 3.9699904040252761e+01,
       3.1808580381512456e+01, 3.9071983110892162e+01,
       3.1725422246028025e+01, 2.6368879208660399e+01,
       2.6368879208660399e+01, 3.8608816604688165e+01,
       3.8411175202794723e+01, 3.9071983110892162e+01,
       3.8366346042747807e+01, 3.1798071145345759e+01,
       3.9548737668193702e+01, 1.9312351976350776e+01,
       3.8290073002746077e+01, 3.8207243080186949e+01,
       3.8661607262932677e+01, 3.1935445914666865e+01,
       3.9387280726024372e+01, 2.8138062127199433e+01,
       3.8568407372286480e+01, 3.8816456418369754e+01,
       3.8568407372286480e+01, 3.8467342724450305e+01,
       3.8567075188625246e+01, 3.8598021167268989e+01,
       3.8617063889760757e+01, 3.8667263051424918e+01,
       2.9012259433506273e+01, 3.8414896597990648e+01,
       -2.3761473942115437e+01, 3.8275338098683129e+01,
       -2.0642956953424743e+01, 3.8179339768317341e+01,
       2.9601750159965636e+01, 3.9103342340490748e+01,
       6.9540628335780113e+01, 3.0616643202515487e+01,
       3.8179339768317341e+01, -7.5779532804918137e+00,
       3.8172174032865200e+01, -1.9705286724292623e+03,
       3.8321637007849816e+01, -7.4931050621987287e+00,
       3.0488486746302044e+01, 2.1935250939020317e+01,
       -7.6636162324830380e+01, 6.9470605665759010e+01,
       2.0874725142593473e+01, 2.6088989461145604e+00,
       3.8613864924336312e+01, 3.8832021581369560e+01,
       3.8514369915175884e+01, 2.8443335290468134e+01,
       2.1772360666930826e+01, 3.7504633329471240e+01,
       3.8460453756928416e+01, 2.6977283072819471e+01,
       3.0009341976019869e+01, 3.8381754334064922e+01,
       -2.0529279074804204e+01, 8.8195909015597334e+00,
       3.4019204667570122e+01, 3.8658875986401668e+01,
       -7.7969522104762575e+01, 2.6213899057858615e+01,
       3.1839753594616855e+01, 2.6844346071630135e+01,
       1.8830907452432360e+01, 2.6977283072819471e+01,
       3.8682974418639319e+01, -2.0621483918755658e+01,
       2.1380534842811727e+01, 2.5542809096169538e+01,
       3.8560656429861993e+01, -3.3582778649196814e+00,
       -2.9410304473058922e+01, 3.2285265273571419e+01,
       2.6665443717011861e+01, 1.9699069783082464e+01,
       -3.2771805731419996e+00, 1.7461444770650726e+01,
       1.8270716450741748e+01, -8.0340284923768319e+00,
       3.8382609753551684e+01, 3.0427548459031609e+01,
       -8.2894563539172381e+00, 6.7624070007798789e+00,
       -1.3221897526225645e+01, -6.0478796877555130e+00,
       3.0492174981935005e+01, 3.7355788544905870e+01,
       3.7981285182285241e+01, 3.8560656429861993e+01,
       1.1514252772888771e+01, 4.4594399360345918e+00,
       2.5542809096169538e+01, 2.1772360666930826e+01,
       3.1878165407691458e+01, 3.0459382959495493e+01,
       2.1411622052506715e+01, 2.1241410770517692e+01,
       8.6702534828627158e+00, 1.8744793070686022e+01,
       3.7355788544905870e+01, -2.8212153756226595e+01,
       3.4453687654792766e+01, 3.6785853464036085e+00,
       2.8346521667561611e+01, 2.8590375727461854e+01,
       1.9218482926674273e+01, 3.8779462140699124e+01,
       -2.6801918908879699e+01, -2.7284638455148871e+00,
       -6.4494469615046022e+00, 8.2053796451006935e+00,
       3.8456295046410844e+01, 3.0214324955893346e+01,
       3.1839753594616855e+01, 4.6198410629858337e+01,
       2.1087526729773380e+01, 3.6190995623616651e+01,
       -1.8695043426181897e+01, 2.9146151116385930e+01,
       1.8830907452432360e+01, 3.2440445697955553e+01,
       3.0330150905447489e+01, 3.8086992060387331e+01,
       -1.7542456833333336e+01, 3.8172174032865200e+01,
       2.8372788770904439e+01, 3.7561032381462638e+01,
       -9.4530931235806747e+01, -2.3733581516105914e+01,
       1.8270716450741748e+01, 3.1702299639430727e+01,
       2.8877549572315706e+03, 2.6972538676567588e+01,
       -3.1190967859387420e+00, -3.4119923068335140e+01,
       3.3156627983858094e+01, 3.8027644809448461e+01,
       1.5197688730042717e+01, 5.5003870287805992e+00,
       2.2087341702868009e+01, 3.0477045831271276e+01,
       2.9766337701396321e+01, -1.4072764575141909e+01,
       4.9049970841483290e+00, -8.7095329400671861e+00,
       3.4485707209681735e+01, -1.8984846974116913e+01,
       -3.0315721397403308e+01, 3.8473230386385033e+01,
       2.8664555257664063e+01, 2.1362907489882581e+01,
       2.6743890355679582e+01, 1.1296985824346523e+01,
       2.7226645738357433e+01, 2.6990645920617659e+01,
       -2.6196991983632416e+00, 2.1648423063231469e+01,
       8.5387864550673285e+01, 3.7315836281366430e+01,
       3.6038823889980975e+01, -7.8813382902129263e+01,
       7.9802423819712365e+00, 2.9633190256067753e+01,
       2.8849937611909322e+01, -3.2662215164478616e+00,
       3.1697691160756250e+01, 2.4851567766950065e+00,
       2.9335391186433981e+01, 1.7604698517729311e+01,
       3.6980185432495389e+01, 3.7422272403845355e+01,
       3.2308661292173547e+01, 3.6190995623616651e+01,
       2.6972538676567588e+01, 1.8307446723386516e+01,
       2.6871757486503174e+01, 2.6673398547486261e+01,
       4.0070624046866570e+01, 3.1464358582344630e+01,
       5.1600146249818053e+01, 3.8371630270747836e+01,
       -7.5373585269311976e+00, 3.3930360556547271e+01,
       3.9229997327435775e+01, 2.1648423063231469e+01,
       -3.4469630337636477e+00, 2.0540582563731526e+01,
       -3.3029427830160563e+00, 2.6616890692185752e+01,
       2.6152019596903255e+01, 2.9497755440278734e+01,
       3.7942291618728412e+01, 2.5256150509221502e+01,
       -3.0183474211177836e+00, 1.8164186626164554e+01,
       3.4518878484280556e+01, 2.8678430371562598e+01,
       1.8933327853209003e+00, -2.6335314318142494e+01,
       3.9801201209790072e+01, -1.1676875095742124e+01,
       1.8388042006510318e+01, -2.8399494786634357e+01,
       -6.3785154524869636e+00, 3.0557707294373088e+01,
       3.9461742964133663e+01, 5.0370724523623068e+01,
       -9.0217112718933468e+00, 2.6168179750780361e+01,
       2.1307653429855957e+01, 4.1044202725409491e+01,
       2.0837068555485603e+00, 3.0751032005678645e+01,
       3.1072149323819314e+01, -3.8227387648998401e+00,
       1.9362254668247314e+01, 1.8262897921374864e+02,
       -2.3756011417878934e+01, 3.6301686744850933e+01,
       5.8809639677939714e+01, 3.7315836281366430e+01,
       2.8014022099552125e+01, 2.5817462999462659e+01,
       1.9900593999687423e+01, 2.1202760048297165e+01,
       2.1396165427261181e+01, 3.1501689969769359e+01,
       1.8933327853209003e+00, 3.8133266174590176e+01,
       1.7984055790026112e+01, 3.5270617657289250e+01,
       3.1767941297994863e+01, 3.7515930610754474e+01,
       1.7478104877206466e+01, 2.0852848948832974e+00,
       3.1397536997545199e+01, 3.9229997327435775e+01,
       -2.4455687566147166e+01, 3.6273994577564103e+01,
       3.0945194651537889e+01, 1.1696949466461673e+01,
       2.7052788918746121e+01, -3.0885650696675491e+01,
       2.7603604775788863e+01, 2.5156175282076415e+01,
       3.1072149323819314e+01, 3.4263801671665505e+01,
       3.4662488981479306e+01, 1.1095180646360525e+01,
       3.0486602781645999e+01, 8.8814913440102821e+00,
       -3.2586572763409607e+00, 2.1714762339448082e+01,
       -1.8327611746087776e+01, -7.2472054642961126e+01,
       8.9439573940996606e+00, 3.7520470942206344e+01,
       1.2038984234698763e+04, -8.5513092379674447e+01,
       2.7028645606302537e+00, 2.6651819678154851e+01,
       1.7922409287141441e+01, 3.5891383770847661e+01,
       3.6205779250362063e+01, 2.3481480678202125e+01,
       3.7981285182285241e+01, 3.8701732054626909e+01,
       3.8093780948628748e+01, 2.1208904088729483e+01,
       1.1767526554919263e+01, 4.0830353994537765e+00,
       -2.4248851537851004e+00, 2.9736501799677388e+01,
       3.2878768406947117e+01, 3.1727934782773069e+01,
       7.5329338701056145e+01, 3.6743467928447451e+01,
       2.2381432781794341e+01, 2.6853492396597812e+01,
       9.3697312968338352e+01, 3.4592462745988634e+01,
       1.3339699971218991e+01, 1.8629983713904696e+01,
       4.3395990808114639e+00, 3.0730886760147786e+01,
       3.3856088253453734e+01, 3.0511905273035019e+01,
       -4.8874916314132257e+01, -8.4493685026777896e+01,
       1.7729012506043574e+01, 1.7729012506043574e+01,
       3.6465664822121539e+01, 3.1640388365216818e+01,
       1.8260596929243157e+01, 2.5517562496196028e+01,
       2.0209439503511010e+01, 1.9147645743727711e+01,
       2.9926866500633668e+01, 2.2756619416203829e+01,
       2.6995389606574733e+01, 1.8686051365032746e+01,
       -9.9749399674994645e+00, 3.7197414078411988e+01,
       3.4731804791398503e+01, 1.7615192240288621e+01,
       3.0626951955502875e+01, -6.5601192404971400e+01,
       -2.0837956619320539e+00, 2.8662911467398597e+01,
       2.5464748310628753e+00, 3.6643026320334521e+01,
       3.5073440392285690e+01, 2.8226167155335588e+01,
       9.3869212342921866e+00, -1.1807765130786670e+02,
       3.1462588151289289e+01, 1.7488579095429165e+02,
       3.8957401461483954e+01, 1.1204090277316453e+01,
       1.8847468693658715e+01, -2.3628171466575973e+00,
       1.9955123011737768e+01, -3.9732913076363623e+01,
       3.2187882641919742e+01, 1.7528249105690925e+01,
       2.9826484561906035e+01, 1.7222733178493328e+01,
       -1.3761011475930355e+01, 8.3435309136274949e+00,
       8.8293854628739112e+01, 3.0479537245999680e+01,
       2.2422750551799662e+00, 1.9418885366690635e+01,
       2.1408966809301980e+01, 4.3395990808114639e+00,
       3.1795813402398363e+01, 1.8197177876486652e+01,
       9.1120859043017717e+00, 2.9179159750208864e+01,
       4.3099660099898799e+01, 3.7145859410866684e+01,
       2.8533551023598342e+01, 8.1692457698315923e+00,
       3.2825202078342556e+01, 2.7815779698475890e+01,
       1.1793952924067810e+01, 1.7694240572468271e+01,
       3.7219496083421106e+01, 1.7984055790026112e+01,
       3.4218311792554580e+01, -2.5511649883852106e+00,
       3.3411071352100222e+01, 2.9337273175640554e+01,
       -1.1180906415488668e+02, 3.2452933150543949e+01,
       -3.4687072675699994e+01, 1.1532236463470298e+01,
       3.4791335198902772e+01, 7.6151373825377116e+00,
       1.5861987362075915e+01, -3.9639172132275822e+00,
       1.7314299373258041e+01, 2.0128623434377303e+01,
       -1.1289911285693158e+01, 9.4199533959290008e+01,
       3.5175182173164728e+01, -4.6852874049759492e+01,
       -8.4072838611695843e+01, 1.8687955174022644e+01,
       1.8253234819229320e+01, -9.6752773266143528e+00,
       1.9699069783082464e+01, -4.0100608874387822e+00,
       -2.4004558958200763e+00, -7.9383106422809874e+01,
       8.0524492280911080e+00, 3.0049006381632442e+00,
       1.8749790112446494e+01, 2.2584713423220894e+01,
       -1.9455176065810345e+00, 3.4189308408251783e+01,
       2.6457778791499056e+00, 2.5930098694794317e+01,
       2.3206235401873685e+00, -3.1255023794046926e+00,
       1.7920339458268199e+01, 2.7879599214980601e+01,
       -7.5311167661537283e+01, -8.0103019390229562e+01,
       1.7293402317224114e+01, 3.5570310497766719e+01,
       2.6766700484216976e+01, 2.8556429021129620e+01,
       8.7717983972236340e+00, -2.7859303760575038e+00,
       4.6479511678105247e+01, 2.8587624204812879e+01,
       2.5514935708675555e+01, 4.8251862217939625e+01,
       1.9018441640058370e+01, 3.1060789296379703e+01,
       3.1780512950830765e+01, 1.6023571665447236e+01,
       3.4658108481788851e+01, 2.5314661430406744e+01,
       -1.0128545148982745e+01, 1.1874573600990548e+01,
       1.9950823959513684e+01, 9.2383143270580135e+00,
       3.0680222658776035e+01, 2.0290827216615355e+01,
       -3.0999106517481319e+00, 3.9831656656559765e+01,
       -4.0020177756731904e+01, 1.6023571665447236e+01,
       1.8275660794718210e+01, 2.7028543155393649e+01,
       3.2754908425692840e+01, 1.8509447926689191e+01,
       3.3101584175749821e+01, 1.8380595853915739e+01,
       1.8832415373927509e+00, 3.1876110977944823e+01,
       1.8385786722220047e+01, 3.9965100901732754e+01,
       2.5215302700316929e+01, 2.5836523266977181e+01,
       2.1350983786668110e+01, -5.8212122709468065e+02,
       2.7362134477091726e+00, 3.8089745293433296e+01,
       1.7684251091291994e+01, 2.1057243052962829e+01,
       1.7355424837794814e+01, 4.8251862217939625e+01,
       -3.8304953445048895e+01, 3.3977264164934525e+01,
       3.0505432189723972e+01, 4.3826343146491602e+01,
       3.2140251908917008e+01, 8.8347499537343470e+00,
       -3.3924140558000193e+00, 5.2555900035989474e+01,
       -1.3073343327408992e+02, 8.6724760658504820e+00,
       1.7921123238994127e+01, 3.3964387964049877e+01,
       3.1581245451469158e+01, 2.5349613883914330e+01,
       1.1592728556946202e+01, 3.2200995447276163e+01,
       3.3856088253453734e+01, 2.1408966809301980e+01,
       6.5385788704787009e+00, 1.3707499664871136e+01,
       3.2661695384672619e+01, 1.6597377485300672e+01,
       1.4135337189612635e+01, 3.0451063458702080e+01,
       2.6680832371923433e+01, 2.8889977294841550e+01,
       1.8828359847365338e+01, 3.5266880109179972e+01,
       3.0771900658475211e+01, 3.8328896284419990e+01,
       2.2877592373593911e+00, 2.1396037488500255e+01,
       2.4013600971001004e+01, 3.5461065960909465e+01,
       9.1424278351954086e+01, 2.4593178523264363e+01,
       6.0294084424543485e+02, 3.6804266147791530e+01,
       3.1438949203316149e+01, -4.0870592836224375e+00,
       3.3293057654024373e+01, -1.7803227521319386e+01,
       1.8832415373927509e+00, 4.8262980587013736e+01,
       2.2833134197014047e+01, 2.6658282438715847e+01,
       6.5240264957180862e+00, -3.9917354112843960e+01,
       2.0146800955580453e+01, 3.7413337000319920e+01,
       5.0981025058328427e+01, 2.8691435046592737e+01,
       2.6673398547486261e+01, 2.4769443491338357e+00,
       3.4771476653201098e+01, -2.8066669275010636e+01,
       1.9356548983598785e+01, 3.7109616776706844e+01,
       1.9418885366690635e+01, 2.7904981373592584e+01,
       -1.4085315110549702e+01, 2.2545233091983764e+01,
       3.1546560323121177e+01, 2.3271319954072602e+00,
       1.8387715448620771e+01, 1.8070657123533415e+01,
       1.7217303442930657e+01, 3.2428137992060279e+01,
       3.4189308408251783e+01, 2.8535583812565374e+01,
       -3.4720646696769172e+01, 3.8604981697421834e+01,
       3.8226911153996447e+01, -2.0729824519403596e+01,
       2.8844133090473743e+01, 3.7488110158721618e+01,
       3.3964387964049877e+01, 2.6079433427408027e+01,
       -1.7700064357343059e+01, 2.2351237522278591e+01,
       2.1775647419583251e+01, 2.1673148474756054e+00,
       3.7784234171123323e+01, 3.4458412273620660e+01,
       4.1165419558214120e+00, 2.6681424807949927e+01,
       3.1627403582153466e+01, -2.8199953952377768e+01,
       8.3728952189802914e+00, 5.3249803932438319e+01,
       3.5129310445271457e+01, 2.1904187536250614e+01,
       1.1735033449159907e+01, 3.3948013662740252e+01,
       3.1847783832449394e+01, 2.8358929524828959e+01,
       3.5577103322265287e+01, 2.3958010851107446e+01,
       1.1940374854887111e+02, 3.1172957913595614e+01,
       1.9581932579760724e+00, 1.9655773051761745e+01,
       2.0162743053136982e+01, 3.3833455028643201e+01,
       2.6908501972264816e+01, 3.0704620802794764e+01,
       1.7355424837794814e+01, 1.7248086324612174e+02,
       2.8130892782989235e+01, 3.0434221167679052e+01,
       2.6995389606574733e+01, 7.9436609544026498e+02,
       2.4500479911583859e+01, 3.0978530145048826e+01,
       1.0100809797151118e+01, 3.1753921118633812e+01,
       2.1819422773030094e+01, 2.7197761480163479e+01,
       3.4091486416278983e+01, 1.7566553785255667e+01,
       2.0125849403931937e+01, 3.0857389626205780e+01,
       2.0137629896957003e+00, 2.2393597400966605e+01,
       1.8159703457859070e+01, 2.8277474441227373e+01,
       2.2109920018751488e+01, 3.3417951189329969e+01,
       3.1654731448690253e+01, 3.8048938827872874e+01,
       -1.9329871184432587e+01, 3.2755215094416300e+01,
       3.1287261978627601e+01, -1.9064707463307617e+01,
       -4.0049394504421478e+00, 3.5229986875195429e+01,
       -7.4061005360744417e+01, 1.9660639200054820e+01,
       2.0229123239480348e+01, -4.2696948724142764e+01,
       2.8447376736842170e+01, 1.8061308783365551e+00,
       3.6889472665971155e+01, 3.0569332805127559e+01,
       3.7534256358246850e+01, 2.4352757185781261e+01,
       3.6904121001554188e+01, 6.8625672777099282e+01,
       2.8976550548678198e+01, 3.5398276433888228e+01,
       4.0609161440131352e+01, 3.5035921513638669e+01,
       2.6718332919299112e+01, 3.1752114000339436e+01,
       2.4847857022587103e+01, 2.0243027082006368e+01,
       2.8749516747208180e+01, 1.9553574216696422e+01,
       5.6287053512111797e+01, -2.4000741225621184e+01,
       3.9281125077849232e+01, -2.0769925118762380e+01,
       2.5198500784588958e+01, 3.8626192559149999e+01,
       3.5489345569617406e+01, 1.3108929110053888e+01,
       -1.9586134715025196e+01, 3.9831656656559765e+01,
       2.4208982551202503e+01, 2.1289565181669129e+01,
       2.6210899634293597e+01, 3.7082619717563425e+01,
       6.5350779464039084e+00, 3.5386900339182844e+01,
       3.3863948966189241e+01, 2.7815779698475890e+01,
       3.3165244122146049e+01, 1.9548516521472578e+01,
       3.4277793260702765e+01, 2.6805640269197784e+01,
       -1.7416489616525269e+02, 3.2186983860596975e+01,
       4.0609161440131352e+01, -3.9293855113567653e+00,
       3.6941686447805480e+01, 3.6077956844498701e+01,
       3.2686918283844172e+01, 5.7625979114225245e+01,
       3.7484776993985001e+01, 3.8942949609903742e+01,
       1.8663194633096850e+01, 2.8447376736842170e+01,
       3.2268572127267383e+01, 9.1458719794116430e+00,
       2.4595285753509149e+01, -3.2096812433473339e+01,
       1.5345919659058646e+01, 1.5594053864017573e+02,
       3.4205216833317067e+01, 1.7590673691510222e+01,
       -7.1170577494008839e+01, -9.7708394064960071e+00,
       3.0558111033351810e+01, 7.8061732175741895e+01,
       -8.1372823378622400e+01, 6.0184686415962545e+01,
       3.1445510444611728e+01, -3.4199352809311949e+00,
       2.6466926413032621e+01, 3.4813315831044356e+01,
       1.9557440421627764e+01, 2.6274784496097077e+01,
       3.2715730332664890e+01, 1.4954258486680956e+01,
       5.5197012008890752e+01, -1.3530418958457783e+01,
       3.4477731179386510e+01, 3.3249541167508752e+01,
       3.2334783796086484e+01, 3.8347977607186046e+01,
       2.6532716045939239e+01, -1.9586134715025196e+01,
       -2.0769925118762380e+01, -3.1043209540061394e+00,
       3.5219459413816146e+01, 5.7924478176495448e+01,
       3.7578850327152480e+01, 2.1359278092492456e+01,
       -1.0873169115800199e+01, 3.0162188428832941e+01,
       2.4437493959123859e+01, 3.6123047902236557e+01,
       3.8787180437303562e+01, 3.6166001142902580e+01,
       -2.3489048113124902e+00, -3.4268535448591124e+00,
       2.7549026301395244e+01, 2.0003874528739527e+01,
       2.6687641812335293e+01, 2.3817379022304085e+01,
       3.0406202576352523e+01, -1.8454642458095986e+01,
       2.9782705688349839e+01, 2.2637423665640455e+01,
       5.3209905940832407e+01, 3.6167467270055318e+00,
       3.0189762333041998e+00, 1.7106698780634492e+01,
       1.9812595808085806e+01, -1.6204714364709893e+01,
       3.6101663855790108e+01, 2.3867166436196278e+01,
       3.7045685621457395e+01, 2.9136238568946325e+01,
       3.0625559530968300e+01, -3.4062519610319173e+00,
       5.8245932760789190e+00, 2.4157373562626393e+01,
       5.9848557433840972e+02, 1.0018027660436458e+01,
       1.5691847068997692e+01, 4.9599505785583489e+00,
       4.1357525752340456e+02, 5.5657037618578293e+01,
       3.7578698221604100e+01, 3.5477946023021602e+01,
       -2.3383398284170738e+01, 3.8682775911503313e+01, 1., 1., 1., 1.,
       1., 1., 1., 1., 1., 1., 1., 1., 1., 1., 1., 1., 1., 1., 1., 1.,
       1., 1., 1., 1., 1., 1., 1., 1., 1., 1., 1., 1., 1., 1., 1., 1.,
       1., 1., 1., 1., 1., 1., 1., 1., 1., 1., 1., 1., 1., 1., 1., 1.,
       1., 1., 1., 1., 1., 1., 1., 1., 1., 1., 1., 1., 1., 1., 1., 1.,
       1., 1., 1., 1., 1., 1., 1., 1., 1., 1., 1., 1., 1., 1., 1., 1.,
       1., 1., 1., 1., 1., 1., 1., 1., 1., 1., 1., 1., 1., 1., 1., 1.,
       1., 1., 1., 1., 1., 1., 1., 1., 1., 1., 1., 1., 1., 1., 1., 1.,
       1., 1., 1., 1., 1., 1., 1., 1., 1., 1., 1., 1., 1., 1., 1., 1.,
       1., 1., 1., 1., 1., 1., 1., 1., 1., 1., 1., 1., 1., 1., 1., 1.,
       1., 1., 1., 1., 1., 1., 1., 1., 1., 1., 1., 1., 1., 1., 1., 1.,
       1., 1., 1., 1., 1., 1., 1., 1., 1., 1., 1., 1., 1., 1., 1., 1.,
       1., 1., 1., 1., 1., 1., 1., 1., 1., 1., 1., 1., 1., 1., 1., 1.,
       1., 1., 1., 1., 1., 1., 1., 1., 1., 1., 1., 1., 1., 1., 1., 1.,
       1., 1., 1., 1., 1., 1., 1., 1., 1., 1., 1., 1., 1., 1., 1., 1.,
       1., 1., 1., 1., 1., 1., 1., 1., 1., 1., 1., 1., 1., 1., 1., 1.,
       1., 1., 1., 1., 1., 1., 1., 1., 1., 1., 1., 1., 1., 1., 1., 1.,
       1., 1., 1., 1., 1., 1., 1., 1., 1., 1., 1., 1., 1., 1., 1., 1.,
       1., 1., 1., 1., 1., 1., 1., 1., 1., 1., 1., 1., 1., 1., 1., 1.,
       1., 1., 1., 1., 1., 1., 1., 1., 1., 1., 1., 1., 1., 1., 1., 1.,
       1., 1., 1., 1., 1., 1., 1., 1., 1., 1., 1., 1., 1., 1., 1., 1.,
       1., 1., 1., 1., 1., 1., 1., 1., 1., 1., 1., 1., 1., 1., 1., 1.,
       1., 1., 1., 1., 1., 1., 1., 1., 1., 1., 1., 1., 1., 1., 1., 1.,
       1., 1., 1., 1., 1., 1., 1., 1., 1., 1., 1., 1., 1., 1., 1., 1.,
       1., 1., 1., 1., 1., 1., 1., 1., 1., 1., 1., 1., 1., 1., 1., 1.,
       1., 1., 1., 1., 1., 1., 1., 1., 1., 1., 1., 1., 1., 1., 1., 1.,
       1., 1., 1., 1., 1., 1., 1., 1., 1., 1., 1., 1., 1., 1., 1., 1.,
       1., 1., 1., 1., 1., 1., 1., 1., 1., 1., 1., 1., 1., 1., 1., 1.,
       1., 1., 1., 1., 1., 1., 1., 1., 1., 1., 1., 1., 1., 1., 1., 1.,
       1., 1., 1., 1., 1., 1., 1., 1., 1., 1., 1., 1., 1., 1., 1., 1.,
       1., 1., 1., 1., 1., 1., 1., 1., 1., 1., 1., 1., 1., 1., 1., 1.,
       1., 1., 1., 1., 1., 1., 1., 1., 1., 1., 1., 1., 1., 1., 1., 1.,
       1., 1., 1., 1., 1., 1., 1., 1., 1., 1., 1., 1., 1., 1., 1., 1.,
       1., 1., 1., 1., 1., 1., 1., 1., 1., 1., 1., 1., 1., 1., 1., 1.,
       1., 1., 1., 1., 1., 1., 1., 1., 1., 1., 1., 1., 1., 1., 1., 1.,
       1., 1., 1., 1., 1., 1., 1., 1., 1., 1., 1., 1., 1., 1., 1., 1.,
       1., 1., 1., 1., 1., 1., 1., 1., 1., 1., 1., 1., 1., 1., 1., 1.,
       1., 1., 1., 1., 1., 1., 1., 1., 1., 1., 1., 1., 1., 1., 1., 1.,
       1., 1., 1., 1., 1., 1., 1., 1., 1., 1., 1., 1., 1., 1., 1., 1.,
       1., 1., 1., 1., 1., 1., 1., 1., 1., 1., 1., 1., 1., 1., 1., 1.,
       1., 1., 1., 1., 1., 1., 1., 1., 1., 1., 1., 1., 1., 1., 1., 1.,
       1., 1., 1., 1., 1., 1., 1., 1., 1., 1., 1., 1., 1., 1., 1., 1.,
       1., 1., 1., 1., 1., 1., 1., 1., 1., 1., 1., 1., 1., 1., 1., 1.,
       1., 1., 1., 1., 1., 1., 1., 1., 1., 1., 1., 1., 1., 1., 1., 1.,
       1., 1., 1., 1., 1., 1., 1., 1., 1., 1., 1., 1., 1., 1., 1., 1.,
       1., 1., 1., 1. ]
valid_mask: !!opencv-matrix
   rows: 1348
   cols: 1
   dt: u
   data: [ 1, 1, 1, 1, 1, 1, 1, 1, 1, 1, 1, 1, 1, 1, 1, 1, 1, 1, 1, 1, 1,
       1, 1, 1, 1, 1, 1, 1, 1, 1, 1, 1, 1, 1, 0, 0, 0, 1, 1, 1, 0, 1, 1,
       0, 1, 0, 1, 0, 1, 0, 0, 0, 0, 0, 1, 1, 1, 1, 1, 1, 1, 1, 1, 1, 0,
       0, 1, 1, 0, 1, 1, 1, 1, 1, 1, 0, 0, 1, 1, 0, 0, 1, 1, 1, 0, 0, 1,
       0, 1, 1, 0, 0, 0, 0, 1, 0, 1, 1, 0, 0, 1, 1, 1, 1, 0, 1, 0, 0, 0,
       0, 1, 0, 1, 0, 1, 1, 0, 0, 0, 0, 1, 1, 1, 0, 0, 1, 0, 1, 1, 1, 1,
       1, 0, 1, 1, 1, 0, 0, 1, 1, 0, 1, 0, 0, 1, 1, 0, 0, 1, 1, 1, 0, 0,
       0, 1, 0, 0, 1, 1, 0, 0, 0, 1, 1, 0, 1, 0, 1, 1, 0, 0, 1, 1, 0, 0,
       0, 1, 0, 1, 1, 1, 1, 1, 1, 1, 1, 1, 1, 0, 1, 0, 1, 1, 1, 0, 0, 0,
       1, 1, 1, 0, 1, 0, 0, 1, 1, 0, 0, 1, 0, 0, 0, 0, 1, 1, 0, 0, 0, 1,
       0, 0, 0, 1, 0, 1, 0, 0, 1, 0, 1, 1, 1, 1, 1, 1, 1, 0, 1, 0, 1, 1,
       0, 0, 0, 1, 1, 0, 1, 1, 0, 0, 0, 1, 0, 1, 1, 0, 0, 1, 0, 0, 1, 0,
       0, 0, 1, 0, 0, 0, 1, 0, 1, 1, 0, 1, 1, 1, 0, 0, 0, 0, 1, 1, 1, 0,
       1, 0, 1, 0, 1, 0, 0, 0, 0, 1, 1, 0, 0, 0, 0, 1, 1, 0, 1, 1, 0, 1,
       1, 1, 0, 0, 1, 1, 0, 1, 0, 0, 1, 0, 1, 1, 1, 0, 0, 1, 0, 1, 0, 1,
       0, 1, 0, 1, 0, 1, 1, 0, 0, 0, 1, 0, 1, 1, 0, 1, 1, 0, 0, 0, 1, 1,
       0, 1, 1, 0, 0, 0, 0, 1, 0, 1, 1, 0, 0, 0, 0, 1, 0, 0, 0, 1, 0, 0,
       0, 1, 0, 0, 0, 0, 0, 1, 0, 0, 0, 0, 0, 1, 0, 0, 1, 0, 0, 0, 0, 0,
       1, 0, 0, 0, 1, 1, 1, 0, 0, 0, 1, 1, 0, 0, 1, 1, 1, 1, 1, 0, 0, 0,
       0, 1, 1, 0, 1, 0, 1, 0, 1, 1, 1, 1, 1, 0, 1, 0, 1, 1, 0, 1, 0, 0,
       1, 0, 1, 1, 0, 0, 1, 1, 0, 1, 0, 0, 0, 0, 0, 1, 1, 1, 1, 0, 1, 1,
       1, 0, 0, 1, 0, 0, 1, 1, 1, 0, 1, 0, 0, 0, 1, 0, 1, 0, 1, 0, 1, 1,
       0, 1, 0, 0, 0, 1, 1, 0, 0, 1, 1, 0, 0, 1, 0, 1, 0, 1, 1, 1, 1, 0,
       1, 1, 0, 1, 0, 1, 1, 1, 1, 0, 1, 1, 0, 1, 1, 1, 1, 0, 1, 0, 0, 1,
       1, 0, 1, 1, 0, 0, 0, 1, 0, 0, 1, 1, 1, 1, 1, 0, 1, 0, 1, 1, 1, 1,
       1, 1, 0, 1, 1, 1, 0, 1, 0, 0, 0, 0, 1, 1, 0, 1, 1, 0, 1, 0, 0, 1,
       1, 1, 0, 0, 1, 1, 0, 0, 1, 0, 1, 1, 0, 1, 0, 0, 1, 1, 1, 1, 0, 1,
       1, 0, 1, 1, 1, 1, 1, 1, 1, 0, 0, 1, 0, 1, 0, 1, 0, 0, 1, 1, 1, 1,
       1, 0, 1, 1, 1, 1, 0, 1, 1, 0, 1, 0, 0, 1, 1, 0, 0, 1, 1, 1, 1, 1,
       0, 1, 0, 0, 0, 1, 0, 0, 0, 1, 0, 0, 0, 1, 0, 1, 1, 1, 1, 1, 0, 0,
       0, 0, 1, 1, 1, 1, 0, 0, 0, 1, 1, 1, 1, 0, 1, 1, 1, 1, 1, 0, 0, 1,
       0, 1, 1, 0, 0, 1, 1, 0, 0, 0, 1, 1, 0, 1, 1, 1, 1, 1, 0, 0, 1, 0,
       0, 0, 0, 0, 0, 1, 1, 0, 1, 0, 1, 1, 1, 1, 0, 1, 1, 0, 0, 1, 0, 1,
       0, 1, 1, 1, 0, 0, 0, 0, 1, 0, 0, 1, 1, 1, 1, 1, 0, 1, 0, 1, 1, 1,
       0, 1, 1, 1, 0, 1, 1, 1, 1, 0, 1, 0, 1, 1, 1, 1, 1, 1, 1, 0, 0, 0,
       1, 0, 0, 0, 0, 0, 0, 0, 1, 0, 0, 1, 1, 0, 1, 0, 0, 0, 0, 0, 1, 0,
       0, 1, 0, 0, 0, 1, 0, 0, 1, 0, 0, 1, 1, 1, 1, 1, 1, 1, 0, 0, 0, 1,
       0, 0, 0, 1, 0, 1, 1, 0, 1, 1, 0, 1, 1, 0, 1, 1, 1, 0, 0, 1, 1, 0,
       1, 0, 1, 0, 1, 1, 1, 0, 1, 0, 0, 1, 0, 1, 1, 0, 0, 1, 1, 1, 0, 0,
       1, 0, 0, 1, 1, 0, 1, 0, 1, 1, 1, 0, 0, 1, 1, 0, 1, 1, 1, 1, 1, 1,
       0, 1, 1, 0, 1, 1, 1, 0, 0, 0, 1, 1, 0, 1, 0, 1, 1, 0, 0, 1, 1, 0,
       1, 0, 0, 1, 0, 1, 0, 0, 1, 1, 0, 1, 1, 0, 1, 1, 1, 0, 0, 1, 1, 0,
       0, 1, 1, 1, 0, 0, 0, 1, 1, 0, 0, 1, 1, 1, 1, 0, 1, 1, 0, 0, 0, 1,
       0, 1, 1, 0, 0, 0, 0, 0, 0, 0, 1, 0, 1, 1, 1, 0, 1, 0, 1, 1, 0, 1,
       0, 1, 0, 0, 1, 0, 1, 0, 0, 0, 1, 1, 1, 0, 0, 1, 0, 1, 0, 0, 1, 1,
       1, 0, 0, 1, 0, 1, 1, 1, 0, 0, 1, 0, 1, 1, 0, 1, 0, 1, 0, 1, 1, 1,
       0, 1, 1, 0, 0, 0, 1, 0, 0, 1, 1, 1, 1, 0, 0, 1, 0, 0, 1, 0, 0, 1,
       0, 1, 1, 0, 1, 1, 1, 0, 0, 1, 0, 1, 1, 1, 1, 0, 1, 1, 1, 1, 0, 1,
       1, 0, 1, 1, 0, 1, 0, 1, 1, 1, 1, 1, 0, 1, 1, 1, 1, 1, 1, 0, 0, 0,
       1, 0, 1, 0, 1, 0, 0, 0, 0, 1, 1, 1, 1, 0, 0, 0, 1, 0, 1, 1, 0, 0,
       0, 0, 1, 1, 0, 0, 0, 0, 1, 1, 1, 1, 0, 0, 1, 1, 0, 1, 1, 1, 1, 1,
       1, 0, 0, 1, 0, 1, 1, 0, 1, 0, 0, 1, 0, 1, 0, 0, 1, 1, 0, 0, 0, 0,
       0, 1, 0, 0, 1, 0, 0, 1, 0, 0, 0, 1, 1, 0, 1, 1, 0, 1, 1, 1, 0, 1,
       0, 1, 1, 1, 0, 0, 0, 0, 0, 0, 0, 0, 0, 0, 0, 0, 1, 0, 0, 0, 1, 0,
       1, 1, 0, 0, 0, 1, 0, 1, 1, 1, 1, 1, 0, 0, 0, 1, 0, 1, 0, 1, 0, 0,
       0, 1, 0, 1, 1, 1, 0, 1, 0, 1, 1, 1, 1, 0, 1, 0, 0, 1, 0, 1, 1, 0,
       0, 1, 1, 0, 1, 0, 1, 1, 0, 1, 1, 0, 0, 0, 1, 0, 1, 0, 0, 0, 0, 0,
       0, 1, 0, 1, 1, 0, 1, 0, 0, 0, 0, 1, 0, 0, 0, 0, 0, 0, 1, 0, 1, 0,
       0, 1, 1, 1, 0, 1, 0, 0, 0, 1, 0, 1, 1, 1, 1, 1, 0, 1, 0, 1, 0, 1,
       1, 0, 1, 1, 0, 1, 0, 1, 0, 0, 1, 0, 0, 1, 1, 1, 0, 1, 0, 0, 1, 0,
       1, 0, 1, 0, 0, 1, 0, 0, 0, 1, 0, 0, 1, 0, 0, 0, 0, 1, 0, 0, 1, 0,
       0, 0, 0, 0, 1, 0, 0 ]
